1 36
1 95
1 100
2 6
2 19
2 65
2 66
2 76
2 76
2 96
3 6
3 32
3 34
3 63
3 66
3 97
4 6
4 32
4 66
4 85
5 6
5 27
5 27
5 32
5 39
6 6
6 40
6 65
6 71
6 80
8 6
8 57
8 66
8 97
8 100
9 38
10 1
10 33
10 43
10 65
11 68
11 68
11 72
11 72
11 85
11 97
12 25
12 71
12 80
13 0
13 72
13 90
13 92
13 100
14 10
14 46
14 94
14 94
15 14
15 26
16 2
16 66
17 1
17 6
17 39
17 57
17 66
17 84
17 96
18 75
19 27
19 27
19 82
20 18
20 31
21 51
21 65
21 76
21 76
22 0
22 90
22 100
24 18
24 25
25 9
25 68
25 68
25 72
25 91
25 97
27 13
27 27
27 27
27 82
28 27
28 27
28 28
28 36
28 43
28 90
28 97
29 61
29 73
30 6
30 16
30 17
30 57
30 66
30 96
31 15
31 34
31 68
31 72
31 92
31 97
32 96
33 1
33 6
33 15
33 19
33 39
33 44
35 18
35 74
37 6
37 14
37 18
37 21
37 21
37 29
37 29
37 37
37 40
37 43
37 63
37 72
37 72
38 1
38 6
38 32
38 38
38 81
39 1
39 6
39 32
39 38
39 39
39 63
39 81
40 6
40 16
40 18
40 23
40 29
40 29
40 29
40 32
40 66
41 6
44 33
44 34
44 37
44 57
45 40
45 97
47 9
47 13
47 13
47 32
47 39
47 48
49 39
50 68
50 68
50 72
50 79
50 97
51 9
51 68
51 68
51 72
51 79
51 97
53 8
53 50
53 62
53 62
53 69
54 6
55 40
55 66
55 68
55 68
55 72
55 85
55 91
55 97
56 32
57 18
57 33
57 57
58 6
58 13
58 18
58 32
58 33
58 34
58 57
58 66
59 1
59 5
59 6
59 13
59 13
59 18
59 23
59 32
59 33
59 34
59 57
59 75
59 97
60 22
61 6
61 18
61 31
61 32
61 33
61 34
61 45
61 57
61 73
61 75
61 76
61 76
61 97
62 10
62 61
64 64
64 64
65 13
65 43
65 65
66 2
66 66
67 34
68 7
69 36
69 43
69 90
70 6
70 32
70 33
70 57
72 68
72 68
72 72
72 72
72 97
73 19
73 23
73 56
73 88
73 96
74 18
74 25
74 31
74 33
78 36
78 90
79 5
79 32
79 39
79 57
79 75
79 97
82 5
82 18
82 33
82 57
82 98
82 98
83 6
83 16
83 66
84 6
84 33
84 34
84 57
84 69
84 75
84 90
84 97
85 1
85 6
85 18
85 32
85 33
85 34
85 57
85 69
85 75
85 90
85 97
86 16
87 16
87 33
87 53
87 74
87 87
87 87
88 36
88 91
88 95
88 98
88 98
89 95
89 98
89 98
92 14
92 28
92 53
92 88
92 95
92 97
92 98
92 98
92 99
93 6
93 9
93 32
93 39
94 0
94 90
94 100
95 27
95 27
95 31
95 70
95 95
96 96
97 36
97 43
97 90
