1 94
1 127
1 143
1 143
1 144
2 7
2 51
2 68
2 70
2 181
2 185
3 3
3 4
3 7
3 24
3 81
3 83
3 172
4 44
4 69
4 81
4 81
4 185
5 6
5 12
5 21
5 21
5 33
5 43
5 68
5 70
6 1
6 48
6 105
6 127
6 134
8 6
8 8
8 19
8 91
8 104
8 110
8 172
8 185
9 3
9 52
9 53
9 70
9 81
9 104
9 127
9 189
10 71
10 81
11 33
11 42
11 49
11 173
12 150
14 8
14 12
14 19
14 21
14 24
14 33
14 42
14 44
14 49
14 65
14 70
14 77
14 120
14 155
14 165
14 168
14 173
14 175
14 175
14 179
15 48
16 3
16 7
16 17
16 17
16 66
16 194
17 8
17 17
18 73
18 98
18 127
18 133
18 133
18 143
18 143
18 144
18 181
20 6
20 8
20 12
20 12
20 33
20 44
20 49
20 49
20 49
20 68
20 69
20 70
20 94
20 104
20 104
20 104
20 105
20 165
20 165
20 174
20 179
21 15
21 27
21 28
21 57
21 80
21 139
21 149
21 149
21 162
21 168
21 180
21 180
22 21
23 46
24 16
24 25
24 116
24 120
25 25
25 26
25 26
25 70
25 147
25 165
25 171
25 171
25 173
25 190
27 13
27 73
27 98
27 127
27 133
27 133
27 143
27 143
27 144
27 181
28 141
29 25
29 48
29 75
29 97
29 127
29 145
30 19
30 24
30 42
30 86
30 94
30 122
30 122
30 150
30 164
32 25
32 25
32 25
32 32
32 42
32 46
32 56
32 87
32 91
32 136
32 160
32 160
32 192
33 8
33 9
33 12
33 16
33 19
33 25
33 25
33 25
33 25
33 27
33 28
33 33
33 35
33 51
33 70
33 76
33 77
33 84
33 89
33 117
33 126
33 143
33 143
33 165
33 173
34 109
34 156
34 177
34 184
34 186
34 194
34 195
35 33
35 43
35 69
35 106
35 134
36 8
36 57
36 70
36 75
36 81
36 97
36 101
36 141
36 145
37 2
37 37
37 105
38 33
38 70
38 76
38 77
38 83
38 93
38 164
38 165
38 173
40 39
40 54
40 60
40 151
40 178
40 184
41 30
41 33
41 41
41 70
41 132
42 3
42 9
43 13
43 46
43 73
43 86
43 127
43 133
43 133
43 143
43 144
43 181
44 44
45 43
45 70
45 89
45 127
46 69
46 79
46 123
47 47
47 47
47 91
49 97
50 3
50 16
50 33
50 43
50 51
50 69
50 73
50 94
50 112
51 3
51 5
51 12
51 12
51 33
51 43
51 70
51 112
53 33
53 44
53 69
53 70
53 164
54 2
54 73
54 91
54 95
54 127
56 48
56 127
57 8
57 33
57 49
57 68
57 69
57 70
57 79
57 135
57 165
59 48
60 60
61 17
61 130
61 188
62 44
62 65
62 70
62 77
62 165
62 168
62 173
62 179
63 57
63 102
63 127
64 8
64 32
64 45
64 48
64 60
64 97
64 127
64 135
64 153
64 159
64 159
64 160
64 160
64 174
64 176
65 66
65 166
66 14
66 66
66 166
68 3
68 4
68 7
68 17
68 17
68 34
68 44
68 68
68 70
68 80
68 125
68 145
68 177
68 179
69 1
69 30
69 125
70 3
70 7
70 43
70 44
70 55
70 56
70 68
70 70
70 80
70 101
70 110
70 120
70 125
70 145
70 177
70 186
73 47
73 69
73 70
73 124
73 173
74 3
74 33
74 42
74 49
74 68
74 69
74 70
74 94
74 112
75 19
75 33
75 76
75 134
75 186
76 76
76 77
77 8
77 97
77 115
78 25
78 25
78 32
78 46
78 56
78 62
78 87
78 117
78 136
78 138
78 160
79 25
79 25
79 25
80 43
80 81
80 81
81 81
81 81
81 98
82 43
82 44
82 81
82 81
83 69
83 77
83 81
83 83
83 91
83 138
83 185
84 8
84 16
84 22
84 24
84 36
84 36
84 37
84 59
84 69
84 70
84 73
84 77
84 84
84 88
84 90
84 91
84 108
84 110
84 134
84 135
84 143
84 143
84 173
84 179
84 187
84 193
85 43
85 73
85 98
85 112
85 127
85 133
85 133
85 142
85 143
85 144
85 154
85 181
87 3
87 33
87 68
87 87
87 106
88 3
88 68
88 87
88 106
90 8
91 6
91 8
91 12
91 13
91 21
91 21
91 33
91 48
91 49
91 49
91 49
91 68
91 70
91 94
91 97
91 97
91 153
91 174
92 48
92 75
92 97
92 127
92 145
93 70
93 77
93 122
93 122
93 127
93 170
94 17
94 28
94 46
94 54
94 77
94 138
95 8
95 44
95 49
95 49
95 49
95 97
95 127
95 135
95 173
96 58
97 4
97 32
97 44
97 80
97 81
97 81
97 123
98 21
99 6
99 12
99 12
99 21
99 36
99 36
99 97
99 155
99 181
99 186
100 13
100 73
100 86
100 98
100 127
100 133
100 133
100 143
100 143
100 144
100 181
101 13
101 49
101 73
101 98
101 100
101 127
101 133
101 133
101 143
101 144
101 181
103 22
103 37
103 81
103 81
103 97
103 105
103 127
103 139
103 172
104 97
105 8
105 14
105 22
105 37
105 81
105 81
105 97
105 102
105 127
105 139
105 172
106 49
106 75
106 76
107 11
107 11
107 13
107 14
107 29
107 32
107 37
107 61
107 81
107 100
107 121
107 121
107 135
107 138
107 138
107 140
107 164
108 13
108 60
108 73
108 86
108 98
108 110
108 116
108 127
108 133
108 133
108 143
108 143
108 144
108 152
108 181
109 2
109 42
109 95
109 107
109 109
109 164
109 175
109 175
109 175
109 175
110 13
110 73
110 91
110 98
110 110
110 127
110 133
110 133
110 143
110 143
110 144
110 152
110 181
111 97
112 33
112 44
112 49
112 49
112 69
112 70
112 112
113 8
113 16
113 21
113 33
113 44
113 49
113 49
113 49
113 69
113 70
113 84
113 94
113 97
113 108
113 115
113 120
113 135
114 6
114 12
114 21
114 33
114 43
114 44
114 49
114 49
114 69
114 70
114 97
114 112
114 164
114 173
115 5
115 12
115 12
115 13
115 21
115 21
115 33
115 34
115 34
115 40
115 40
115 70
115 95
115 112
116 95
116 95
121 16
121 26
121 26
121 70
121 120
121 167
121 179
122 83
122 172
122 188
123 42
123 42
123 46
123 49
123 176
124 8
124 48
124 63
124 70
124 97
124 145
124 179
126 126
126 126
127 7
127 13
127 13
127 52
127 53
127 78
127 89
127 104
127 127
128 93
128 128
129 3
129 3
129 87
131 69
131 77
131 122
131 122
132 91
132 128
132 159
132 159
132 185
133 49
133 49
133 77
133 122
133 122
133 135
133 189
134 132
135 58
135 83
135 90
135 93
135 190
137 6
137 12
137 12
137 21
137 33
137 43
137 44
137 49
137 49
137 49
137 68
137 69
137 70
137 112
137 124
137 146
138 3
138 25
138 25
138 25
138 25
138 32
138 56
138 79
138 160
139 48
141 48
142 16
142 179
143 15
143 57
143 76
143 77
143 110
143 143
143 149
143 149
143 154
143 168
143 181
144 22
144 28
144 72
144 73
144 91
144 98
144 127
144 133
144 133
144 143
144 144
144 177
144 178
144 181
145 30
145 34
145 63
145 81
145 111
145 122
145 122
145 134
145 152
145 194
146 46
146 70
146 110
146 172
147 24
147 33
147 43
147 44
147 59
147 59
147 104
147 105
147 106
147 147
147 157
148 97
149 33
149 44
149 49
149 49
149 69
149 70
149 97
149 112
149 164
149 186
150 11
150 11
150 54
150 83
150 90
150 189
151 2
151 3
151 5
151 6
151 12
151 12
151 44
151 70
151 100
151 112
151 124
151 164
151 173
151 177
151 181
151 188
152 6
152 33
153 48
153 57
153 75
153 97
153 97
153 127
154 70
155 7
155 8
155 24
155 33
155 44
155 60
155 69
155 70
155 97
155 185
156 3
156 70
156 73
157 157
157 157
158 43
158 44
158 55
158 56
158 110
158 112
158 120
158 142
158 154
158 157
160 21
160 97
162 156
162 162
162 170
162 182
162 193
164 12
164 21
164 33
164 40
164 97
166 2
166 61
166 81
166 83
166 116
166 172
166 188
167 2
167 33
167 81
167 83
167 116
167 172
167 187
168 2
168 24
168 28
168 85
168 107
168 109
168 109
168 121
168 121
168 149
168 149
168 162
168 166
168 170
168 172
168 175
168 175
168 175
168 175
168 176
168 181
168 182
169 6
169 33
169 49
169 49
169 49
169 70
170 21
170 47
170 47
170 58
170 123
170 141
170 170
170 183
171 1
171 50
171 85
171 92
171 132
171 165
171 181
172 27
172 47
172 47
172 58
172 109
172 109
172 134
172 137
172 172
173 1
173 12
173 16
173 25
173 25
173 25
173 25
173 26
173 26
173 49
173 49
173 70
173 76
173 77
173 81
173 84
173 94
173 108
173 124
173 126
173 147
173 155
173 165
173 165
173 167
173 173
173 176
174 58
174 141
175 17
175 19
175 25
175 25
175 25
175 36
175 101
175 107
175 109
175 141
175 154
175 175
175 175
175 175
175 175
175 181
175 191
176 70
176 109
176 127
176 189
177 68
177 70
177 133
177 134
177 138
177 138
177 172
177 185
178 105
179 59
179 59
179 59
180 1
180 8
180 16
180 48
180 52
180 70
180 105
180 127
180 134
180 173
181 11
181 11
181 83
181 90
181 93
181 131
183 97
185 39
185 39
185 59
185 59
185 66
185 108
185 161
185 165
188 48
188 104
188 104
188 104
188 104
191 0
191 14
191 22
191 24
191 47
191 47
191 70
191 77
191 84
191 100
191 102
191 124
191 136
191 136
191 143
191 143
191 165
191 165
191 167
191 168
191 173
191 175
191 175
191 175
191 175
191 193
192 97
196 49
196 141
196 153
