0 80
0 95
0 66
0 100
0 65
0 88
0 1
0 11
0 3
0 0
0 75
0 6
0 39
0 70
0 32
0 90
0 74
0 44
0 82
0 46
0 45
0 55
0 96
0 71
0 97
0 73
0 17
0 22
0 23
0 9
0 19
0 2
0 63
0 68
0 13
0 38
0 37
0 8
0 57
0 98
0 76
0 7
0 85
0 33
0 34
0 4
0 69
0 27
0 28
1 95
1 91
1 100
1 75
1 6
1 82
1 96
1 43
1 97
1 17
1 48
1 36
1 76
2 80
2 95
2 66
2 65
2 1
2 42
2 3
2 0
2 75
2 6
2 39
2 70
2 32
2 90
2 74
2 44
2 30
2 46
2 45
2 67
2 96
2 97
2 26
2 9
2 19
2 92
2 63
2 38
2 57
2 76
2 87
2 83
2 85
2 49
2 61
2 4
2 10
3 66
3 88
3 1
3 11
3 0
3 75
3 6
3 39
3 32
3 44
3 30
3 46
3 96
3 97
3 23
3 19
3 2
3 63
3 76
3 83
3 47
3 85
3 33
3 34
3 4
4 66
4 65
4 29
4 88
4 1
4 75
4 6
4 64
4 39
4 32
4 44
4 30
4 53
4 46
4 45
4 54
4 67
4 96
4 97
4 23
4 19
4 92
4 63
4 56
4 13
4 37
4 57
4 76
4 87
4 49
4 40
4 33
4 34
4 89
4 61
4 4
4 69
4 20
5 95
5 66
5 100
5 29
5 88
5 1
5 75
5 6
5 39
5 60
5 32
5 50
5 82
5 53
5 46
5 45
5 54
5 17
5 23
5 19
5 2
5 92
5 84
5 56
5 13
5 38
5 37
5 57
5 76
5 87
5 83
5 49
5 33
5 34
5 4
5 31
5 27
6 80
6 95
6 66
6 91
6 100
6 65
6 29
6 1
6 3
6 0
6 75
6 6
6 81
6 39
6 60
6 18
6 16
6 32
6 90
6 50
6 74
6 5
6 82
6 35
6 30
6 53
6 46
6 54
6 67
6 96
6 43
6 71
6 86
6 17
6 26
6 23
6 9
6 19
6 36
6 25
6 2
6 84
6 56
6 68
6 13
6 38
6 37
6 15
6 14
6 57
6 77
6 76
6 87
6 47
6 40
6 33
6 34
6 4
6 69
6 31
6 21
6 28
7 80
7 100
7 0
7 90
7 5
7 92
7 49
12 80
12 66
12 100
12 65
12 29
12 88
12 42
12 6
12 39
12 12
12 70
12 18
12 16
12 32
12 50
12 74
12 5
12 82
12 30
12 53
12 24
12 46
12 45
12 54
12 96
12 43
12 71
12 86
12 97
12 41
12 17
12 23
12 9
12 19
12 25
12 2
12 84
12 68
12 13
12 38
12 37
12 14
12 57
12 98
12 77
12 76
12 47
12 85
12 40
12 33
12 34
12 61
12 4
12 31
12 99
12 21
12 79
13 80
13 95
13 66
13 91
13 100
13 65
13 29
13 88
13 1
13 11
13 42
13 3
13 0
13 75
13 6
13 52
13 81
13 39
13 60
13 18
13 32
13 90
13 50
13 74
13 5
13 82
13 53
13 24
13 46
13 62
13 55
13 67
13 96
13 43
13 71
13 97
13 41
13 17
13 22
13 23
13 72
13 9
13 51
13 19
13 36
13 25
13 92
13 63
13 84
13 56
13 68
13 13
13 38
13 37
13 8
13 15
13 14
13 57
13 76
13 7
13 87
13 47
13 85
13 49
13 40
13 33
13 34
13 89
13 61
13 4
13 69
13 31
13 27
13 21
13 20
13 79
13 94
13 28
14 66
14 100
14 65
14 29
14 88
14 1
14 11
14 42
14 3
14 6
14 64
14 39
14 60
14 12
14 70
14 18
14 32
14 90
14 50
14 74
14 44
14 5
14 30
14 53
14 46
14 62
14 45
14 54
14 67
14 96
14 43
14 97
14 73
14 41
14 17
14 22
14 26
14 23
14 72
14 9
14 48
14 19
14 36
14 92
14 63
14 84
14 56
14 68
14 13
14 38
14 37
14 14
14 57
14 76
14 87
14 83
14 47
14 85
14 49
14 40
14 34
14 89
14 61
14 69
14 99
14 10
14 93
14 79
14 94
14 28
14 93
15 29
15 1
15 11
15 0
15 75
15 6
15 70
15 90
15 50
15 74
15 44
15 5
15 82
15 24
15 62
15 45
15 55
15 96
15 71
15 41
15 17
15 26
15 72
15 9
15 56
15 68
15 38
15 37
15 14
15 57
15 78
15 98
15 76
15 7
15 47
15 85
15 49
15 33
15 34
15 31
15 28
16 66
16 65
16 29
16 1
16 42
16 0
16 75
16 6
16 39
16 70
16 18
16 16
16 32
16 90
16 50
16 44
16 30
16 46
16 62
16 45
16 54
16 67
16 96
16 43
16 86
16 97
16 41
16 72
16 9
16 48
16 19
16 36
16 2
16 63
16 84
16 13
16 37
16 8
16 98
16 77
16 76
16 47
16 85
16 49
16 40
16 34
16 89
16 61
16 4
16 93
16 20
16 28
16 93
18 80
18 95
18 66
18 91
18 100
18 65
18 29
18 88
18 11
18 3
18 0
18 75
18 6
18 81
18 64
18 39
18 60
18 12
18 70
18 18
18 16
18 32
18 90
18 50
18 74
18 44
18 5
18 82
18 35
18 30
18 53
18 24
18 46
18 62
18 45
18 54
18 55
18 67
18 96
18 43
18 71
18 97
18 73
18 41
18 22
18 26
18 23
18 72
18 51
18 19
18 36
18 25
18 2
18 92
18 63
18 84
18 56
18 68
18 13
18 38
18 37
18 8
18 15
18 14
18 57
18 98
18 76
18 7
18 87
18 83
18 47
18 85
18 49
18 40
18 33
18 34
18 89
18 4
18 69
18 31
18 99
18 10
18 27
18 21
18 93
18 20
18 94
18 28
18 93
19 95
19 66
19 91
19 100
19 65
19 29
19 88
19 1
19 11
19 3
19 0
19 75
19 6
19 52
19 64
19 39
19 60
19 70
19 18
19 16
19 32
19 90
19 50
19 74
19 44
19 5
19 82
19 35
19 30
19 53
19 24
19 46
19 62
19 45
19 54
19 55
19 67
19 96
19 43
19 71
19 97
19 73
19 41
19 17
19 26
19 23
19 72
19 9
19 51
19 19
19 36
19 2
19 92
19 63
19 84
19 56
19 68
19 13
19 38
19 37
19 8
19 15
19 14
19 57
19 98
19 77
19 76
19 7
19 87
19 83
19 47
19 85
19 49
19 40
19 33
19 34
19 89
19 61
19 4
19 69
19 31
19 99
19 10
19 27
19 21
19 93
19 20
19 79
19 94
19 28
19 93
20 95
20 29
20 88
20 75
20 6
20 64
20 60
20 70
20 18
20 90
20 50
20 74
20 5
20 82
20 46
20 54
20 96
20 43
20 71
20 97
20 41
20 17
20 72
20 19
20 25
20 84
20 56
20 68
20 13
20 38
20 37
20 8
20 15
20 76
20 7
20 85
20 49
20 33
20 34
20 61
20 4
20 31
20 27
20 21
20 20
20 28
21 95
21 66
21 65
21 88
21 1
21 42
21 75
21 6
21 39
21 12
21 50
21 74
21 44
21 5
21 82
21 30
21 46
21 67
21 96
21 71
21 97
21 17
21 23
21 9
21 51
21 19
21 25
21 2
21 63
21 84
21 68
21 13
21 38
21 37
21 57
21 76
21 47
21 85
21 33
21 34
21 4
21 27
21 21
21 79
21 28
22 80
22 95
22 91
22 100
22 29
22 11
22 0
22 75
22 6
22 81
22 90
22 50
22 5
22 82
22 53
22 46
22 62
22 45
22 54
22 43
22 97
22 51
22 36
22 56
22 38
22 37
22 15
22 57
22 76
22 87
22 49
22 40
22 33
22 4
22 31
22 99
22 27
24 1
24 18
24 32
24 48
24 25
24 15
24 61
25 95
25 91
25 100
25 65
25 6
25 52
25 18
25 50
25 74
25 24
25 43
25 97
25 72
25 9
25 51
25 68
25 13
25 76
25 7
25 85
25 40
25 69
25 20
25 79
26 80
26 95
26 66
26 91
26 100
26 29
26 88
26 1
26 11
26 42
26 3
26 75
26 6
26 81
26 39
26 18
26 32
26 50
26 74
26 44
26 82
26 30
26 53
26 24
26 46
26 62
26 45
26 54
26 96
26 71
26 86
26 97
26 17
26 22
26 23
26 72
26 9
26 19
26 25
26 2
26 63
26 84
26 56
26 13
26 38
26 37
26 57
26 76
26 7
26 87
26 47
26 85
26 49
26 33
26 34
26 61
26 4
26 27
26 79
32 95
32 66
32 65
32 88
32 1
32 0
32 75
32 6
32 39
32 18
32 16
32 32
32 74
32 44
32 5
32 82
32 30
32 46
32 45
32 96
32 43
32 71
32 97
32 17
32 23
32 9
32 19
32 2
32 63
32 84
32 13
32 38
32 37
32 57
32 76
32 87
32 83
32 47
32 85
32 49
32 40
32 33
32 61
32 4
32 27
35 29
35 1
35 75
35 6
35 60
35 44
35 67
35 43
35 71
35 72
35 13
35 76
35 7
35 85
35 33
35 34
35 4
36 95
36 66
36 91
36 100
36 65
36 29
36 88
36 1
36 11
36 0
36 75
36 6
36 52
36 81
36 39
36 60
36 12
36 70
36 16
36 32
36 90
36 44
36 5
36 82
36 53
36 24
36 46
36 45
36 54
36 55
36 67
36 96
36 43
36 71
36 97
36 73
36 41
36 17
36 22
36 26
36 23
36 72
36 9
36 51
36 19
36 36
36 25
36 2
36 92
36 84
36 56
36 68
36 13
36 38
36 37
36 8
36 14
36 57
36 98
36 77
36 76
36 7
36 87
36 47
36 85
36 49
36 40
36 33
36 34
36 89
36 61
36 4
36 69
36 31
36 99
36 10
36 27
36 79
37 80
37 95
37 66
37 91
37 100
37 65
37 29
37 88
37 1
37 42
37 3
37 0
37 75
37 6
37 52
37 81
37 64
37 39
37 60
37 12
37 70
37 18
37 16
37 32
37 90
37 50
37 74
37 44
37 5
37 82
37 53
37 46
37 62
37 45
37 54
37 55
37 67
37 96
37 43
37 71
37 97
37 73
37 41
37 17
37 22
37 23
37 72
37 9
37 51
37 19
37 36
37 25
37 92
37 63
37 84
37 56
37 68
37 13
37 38
37 37
37 8
37 15
37 14
37 57
37 78
37 77
37 76
37 7
37 87
37 83
37 47
37 85
37 49
37 40
37 33
37 34
37 89
37 61
37 4
37 69
37 31
37 99
37 10
37 27
37 21
37 20
37 79
37 28
38 95
38 66
38 91
38 100
38 65
38 88
38 1
38 3
38 75
38 6
38 39
38 60
38 90
38 74
38 44
38 46
38 45
38 54
38 96
38 97
38 23
38 51
38 19
38 2
38 84
38 13
38 38
38 37
38 8
38 57
38 76
38 87
38 83
38 85
38 49
38 33
38 61
38 4
38 27
39 95
39 66
39 1
39 75
39 6
39 52
39 81
39 39
39 32
39 90
39 74
39 44
39 46
39 54
39 96
39 97
39 23
39 51
39 19
39 63
39 84
39 56
39 13
39 38
39 37
39 14
39 57
39 76
39 87
39 47
39 49
39 33
39 4
39 27
42 91
42 100
42 29
42 88
42 1
42 42
42 0
42 75
42 6
42 39
42 60
42 12
42 50
42 74
42 44
42 5
42 46
42 54
42 55
42 96
42 43
42 71
42 97
42 17
42 22
42 23
42 72
42 9
42 51
42 19
42 2
42 63
42 13
42 38
42 37
42 14
42 57
42 98
42 76
42 87
42 49
42 33
42 4
42 31
42 28
43 95
43 66
43 91
43 100
43 65
43 29
43 88
43 1
43 11
43 0
43 75
43 6
43 52
43 81
43 39
43 60
43 12
43 70
43 18
43 16
43 32
43 90
43 50
43 74
43 44
43 5
43 82
43 35
43 30
43 53
43 46
43 62
43 45
43 54
43 55
43 67
43 96
43 43
43 71
43 86
43 97
43 41
43 17
43 22
43 26
43 23
43 72
43 9
43 51
43 19
43 36
43 25
43 2
43 92
43 56
43 68
43 13
43 38
43 37
43 8
43 15
43 14
43 57
43 98
43 77
43 76
43 7
43 87
43 83
43 47
43 85
43 49
43 40
43 33
43 34
43 89
43 61
43 4
43 69
43 31
43 99
43 10
43 27
43 93
43 20
43 79
43 28
43 93
45 91
45 100
45 65
45 29
45 1
45 3
45 0
45 75
45 6
45 39
45 60
45 90
45 74
45 5
45 53
45 46
45 55
45 71
45 97
45 41
45 23
45 72
45 9
45 63
45 68
45 37
45 8
45 57
45 98
45 76
45 87
45 49
45 40
45 33
45 69
45 99
45 27
47 66
47 29
47 88
47 1
47 75
47 6
47 39
47 12
47 32
47 44
47 46
47 54
47 96
47 86
47 97
47 41
47 17
47 22
47 9
47 19
47 2
47 13
47 37
47 14
47 57
47 76
47 47
47 33
47 34
47 61
47 4
48 95
48 91
48 100
48 75
48 26
48 36
48 89
49 80
49 95
49 66
49 91
49 100
49 29
49 88
49 1
49 3
49 0
49 75
49 6
49 39
49 18
49 16
49 32
49 50
49 44
49 30
49 53
49 46
49 54
49 55
49 67
49 96
49 71
49 86
49 97
49 41
49 17
49 22
49 23
49 72
49 9
49 19
49 25
49 2
49 63
49 68
49 13
49 38
49 37
49 8
49 57
49 76
49 7
49 87
49 47
49 85
49 33
49 89
49 61
49 4
49 27
49 79
50 91
50 65
50 75
50 50
50 74
50 43
50 97
50 41
50 72
50 9
50 51
50 92
50 68
50 13
50 76
50 7
50 85
50 69
50 79
51 95
51 66
51 91
51 65
51 29
51 88
51 1
51 0
51 75
51 52
51 39
51 16
51 90
51 50
51 74
51 5
51 82
51 24
51 62
51 45
51 55
51 96
51 43
51 71
51 97
51 41
51 22
51 26
51 72
51 9
51 51
51 19
51 25
51 2
51 92
51 63
51 56
51 68
51 13
51 38
51 37
51 57
51 78
51 98
51 76
51 7
51 85
51 40
51 33
51 34
51 61
51 69
51 27
51 21
51 20
51 79
52 29
52 61
52 31
52 27
53 66
53 91
53 88
53 75
53 6
53 39
53 60
53 70
53 18
53 16
53 90
53 50
53 74
53 44
53 5
53 82
53 53
53 24
53 62
53 67
53 96
53 43
53 17
53 72
53 9
53 19
53 36
53 56
53 68
53 13
53 38
53 37
53 8
53 14
53 57
53 76
53 7
53 49
53 33
53 34
53 89
53 69
53 31
53 27
53 28
54 95
54 66
54 91
54 100
54 65
54 29
54 88
54 1
54 11
54 3
54 75
54 6
54 52
54 39
54 60
54 12
54 70
54 18
54 16
54 32
54 90
54 50
54 74
54 5
54 82
54 30
54 53
54 46
54 45
54 54
54 67
54 96
54 43
54 97
54 41
54 22
54 26
54 23
54 72
54 9
54 51
54 19
54 36
54 2
54 92
54 63
54 56
54 13
54 38
54 37
54 8
54 15
54 14
54 57
54 76
54 87
54 85
54 49
54 40
54 33
54 34
54 61
54 4
54 69
54 31
54 99
54 27
54 93
54 79
54 28
54 93
55 66
55 91
55 29
55 1
55 42
55 3
55 0
55 75
55 52
55 39
55 60
55 32
55 50
55 74
55 82
55 30
55 46
55 54
55 55
55 67
55 96
55 97
55 73
55 17
55 72
55 9
55 51
55 19
55 25
55 2
55 63
55 84
55 68
55 13
55 38
55 37
55 57
55 78
55 76
55 87
55 85
55 40
55 33
55 34
55 89
55 61
55 4
55 69
55 99
55 10
55 20
56 80
56 95
56 66
56 91
56 100
56 65
56 29
56 88
56 1
56 11
56 0
56 75
56 6
56 52
56 39
56 60
56 12
56 70
56 18
56 16
56 32
56 90
56 50
56 74
56 44
56 5
56 82
56 53
56 24
56 46
56 62
56 45
56 54
56 55
56 96
56 71
56 86
56 97
56 73
56 41
56 17
56 22
56 26
56 23
56 72
56 9
56 19
56 36
56 25
56 2
56 63
56 56
56 68
56 13
56 38
56 37
56 8
56 57
56 78
56 98
56 76
56 87
56 83
56 85
56 49
56 33
56 34
56 89
56 61
56 4
56 69
56 31
56 99
56 27
56 21
56 20
56 79
57 80
57 95
57 66
57 91
57 100
57 65
57 29
57 88
57 1
57 11
57 42
57 3
57 0
57 75
57 6
57 52
57 64
57 39
57 60
57 12
57 70
57 18
57 16
57 32
57 90
57 50
57 74
57 44
57 5
57 82
57 30
57 53
57 24
57 46
57 62
57 45
57 54
57 55
57 67
57 96
57 71
57 86
57 97
57 73
57 41
57 17
57 22
57 26
57 23
57 72
57 9
57 51
57 19
57 36
57 25
57 2
57 92
57 63
57 84
57 56
57 68
57 13
57 38
57 37
57 8
57 15
57 14
57 57
57 78
57 98
57 77
57 76
57 7
57 87
57 83
57 85
57 49
57 33
57 34
57 89
57 61
57 4
57 69
57 31
57 99
57 10
57 27
57 21
57 93
57 20
57 79
57 94
57 28
57 93
58 80
58 66
58 100
58 65
58 29
58 88
58 1
58 11
58 75
58 6
58 52
58 39
58 60
58 12
58 70
58 18
58 16
58 32
58 90
58 50
58 74
58 5
58 82
58 53
58 46
58 45
58 54
58 96
58 43
58 71
58 97
58 73
58 41
58 17
58 22
58 23
58 72
58 9
58 19
58 36
58 25
58 2
58 92
58 63
58 68
58 13
58 38
58 37
58 8
58 15
58 14
58 57
58 98
58 76
58 7
58 83
58 85
58 49
58 33
58 34
58 89
58 69
58 99
58 27
58 21
58 93
58 79
58 93
59 80
59 66
59 91
59 100
59 65
59 29
59 88
59 1
59 11
59 0
59 75
59 6
59 52
59 39
59 60
59 12
59 70
59 18
59 16
59 32
59 90
59 50
59 74
59 44
59 5
59 82
59 53
59 24
59 46
59 62
59 45
59 54
59 55
59 67
59 96
59 71
59 86
59 97
59 73
59 41
59 17
59 22
59 26
59 23
59 72
59 9
59 51
59 19
59 36
59 25
59 2
59 92
59 63
59 84
59 56
59 68
59 13
59 38
59 37
59 8
59 15
59 14
59 57
59 78
59 98
59 77
59 76
59 7
59 87
59 83
59 49
59 33
59 34
59 89
59 61
59 4
59 31
59 99
59 27
59 21
59 93
59 20
59 79
59 28
59 93
60 19
61 80
61 95
61 66
61 91
61 100
61 65
61 88
61 1
61 11
61 42
61 3
61 0
61 75
61 6
61 52
61 81
61 39
61 60
61 12
61 70
61 18
61 16
61 32
61 50
61 74
61 44
61 5
61 82
61 30
61 53
61 46
61 62
61 45
61 54
61 55
61 67
61 96
61 43
61 86
61 97
61 73
61 41
61 17
61 22
61 26
61 23
61 72
61 9
61 51
61 19
61 36
61 25
61 2
61 92
61 63
61 84
61 68
61 13
61 38
61 37
61 8
61 57
61 76
61 87
61 83
61 85
61 49
61 33
61 34
61 89
61 61
61 4
61 31
61 27
61 21
61 79
61 28
62 66
62 100
62 88
62 1
62 42
62 3
62 6
62 39
62 70
62 32
62 44
62 30
62 53
62 46
62 62
62 45
62 54
62 96
62 43
62 22
62 23
62 72
62 9
62 48
62 63
62 84
62 38
62 37
62 14
62 76
62 87
62 47
62 85
62 40
62 34
62 89
62 61
62 69
62 99
62 10
62 28
63 95
63 66
63 100
63 11
63 0
63 75
63 70
63 96
63 92
63 76
63 61
63 28
64 1
64 0
64 75
64 6
64 64
64 39
64 16
64 32
64 53
64 46
64 55
64 96
64 9
64 2
64 56
64 13
64 37
64 8
64 57
64 33
64 34
64 61
64 69
64 28
65 65
65 1
65 11
65 0
65 6
65 39
65 12
65 50
65 74
65 5
65 82
65 45
65 67
65 96
65 43
65 71
65 97
65 73
65 41
65 72
65 9
65 51
65 19
65 56
65 68
65 13
65 77
65 76
65 7
65 33
65 69
65 10
65 27
65 20
66 80
66 95
66 66
66 91
66 100
66 65
66 29
66 88
66 1
66 11
66 42
66 3
66 0
66 75
66 6
66 52
66 81
66 64
66 39
66 60
66 12
66 70
66 18
66 16
66 32
66 90
66 50
66 74
66 44
66 5
66 82
66 30
66 53
66 46
66 62
66 45
66 54
66 55
66 67
66 96
66 43
66 71
66 86
66 97
66 73
66 41
66 17
66 22
66 26
66 23
66 72
66 9
66 48
66 51
66 19
66 36
66 25
66 2
66 92
66 63
66 84
66 56
66 68
66 13
66 38
66 37
66 8
66 15
66 14
66 57
66 98
66 77
66 76
66 7
66 87
66 83
66 47
66 85
66 49
66 40
66 33
66 34
66 89
66 61
66 4
66 69
66 31
66 27
66 21
66 93
66 20
66 79
66 94
66 28
66 93
67 95
67 66
67 1
67 3
67 75
67 6
67 44
67 46
67 9
67 56
67 38
67 37
67 57
67 76
67 7
67 87
67 85
67 33
67 34
67 61
67 4
67 27
68 80
68 95
68 66
68 91
68 100
68 29
68 88
68 1
68 11
68 0
68 75
68 6
68 52
68 81
68 64
68 39
68 18
68 16
68 32
68 90
68 50
68 74
68 44
68 5
68 82
68 30
68 53
68 24
68 46
68 62
68 45
68 54
68 55
68 67
68 96
68 43
68 71
68 73
68 41
68 17
68 22
68 26
68 23
68 9
68 51
68 19
68 36
68 25
68 2
68 92
68 84
68 56
68 68
68 13
68 38
68 37
68 8
68 15
68 57
68 98
68 77
68 76
68 7
68 87
68 83
68 47
68 85
68 49
68 33
68 34
68 89
68 61
68 69
68 31
68 27
68 21
68 79
69 80
69 95
69 100
69 65
69 29
69 88
69 0
69 75
69 90
69 50
69 74
69 5
69 82
69 53
69 24
69 43
69 71
69 97
69 17
69 23
69 19
69 36
69 25
69 92
69 56
69 37
69 15
69 14
69 57
69 98
69 7
69 49
69 33
69 34
69 31
69 99
69 27
69 28
71 66
71 100
71 29
71 88
71 1
71 42
71 3
71 75
71 6
71 39
71 70
71 18
71 44
71 5
71 30
71 53
71 46
71 62
71 45
71 54
71 96
71 43
71 72
71 9
71 48
71 63
71 84
71 68
71 13
71 38
71 76
71 87
71 83
71 47
71 85
71 49
71 40
71 33
71 34
71 89
71 61
71 69
71 99
71 10
71 94
71 28
72 80
72 95
72 66
72 91
72 100
72 65
72 29
72 88
72 1
72 11
72 3
72 0
72 75
72 6
72 52
72 81
72 39
72 60
72 18
72 16
72 32
72 90
72 50
72 74
72 44
72 5
72 82
72 24
72 46
72 45
72 55
72 67
72 96
72 43
72 71
72 97
72 41
72 17
72 22
72 26
72 23
72 72
72 9
72 51
72 19
72 25
72 2
72 92
72 63
72 84
72 56
72 68
72 13
72 38
72 37
72 15
72 14
72 57
72 78
72 98
72 77
72 76
72 7
72 87
72 83
72 47
72 85
72 49
72 40
72 33
72 34
72 61
72 4
72 69
72 31
72 99
72 27
72 21
72 20
72 79
72 28
73 80
73 66
73 65
73 29
73 88
73 1
73 11
73 42
73 3
73 75
73 6
73 52
73 39
73 16
73 32
73 50
73 74
73 44
73 5
73 30
73 46
73 54
73 67
73 96
73 71
73 86
73 73
73 17
73 22
73 26
73 23
73 9
73 19
73 25
73 2
73 63
73 84
73 56
73 68
73 13
73 38
73 37
73 8
73 15
73 14
73 77
73 76
73 87
73 83
73 47
73 49
73 40
73 33
73 34
73 89
73 61
73 4
73 31
73 99
73 27
73 21
73 20
73 28
74 95
74 66
74 100
74 29
74 1
74 0
74 75
74 6
74 39
74 18
74 50
74 74
74 44
74 5
74 82
74 46
74 62
74 45
74 67
74 96
74 43
74 97
74 23
74 36
74 25
74 92
74 56
74 13
74 37
74 8
74 15
74 14
74 57
74 76
74 7
74 49
74 33
74 34
74 69
74 31
74 99
74 27
74 21
74 20
74 28
76 65
76 29
76 88
76 1
76 42
76 75
76 6
76 39
76 12
76 16
76 50
76 5
76 82
76 46
76 96
76 43
76 71
76 97
76 23
76 19
76 2
76 92
76 68
76 13
76 57
76 76
76 7
76 83
76 47
76 33
76 4
76 27
77 95
77 66
77 29
77 88
77 1
77 0
77 75
77 6
77 39
77 32
77 74
77 44
77 41
77 9
77 2
77 63
77 56
77 13
77 38
77 37
77 8
77 57
77 77
77 76
77 87
77 83
77 33
77 61
77 4
77 31
77 79
77 28
79 80
79 95
79 66
79 91
79 100
79 65
79 29
79 88
79 1
79 11
79 3
79 0
79 75
79 6
79 52
79 81
79 64
79 39
79 60
79 12
79 70
79 16
79 32
79 90
79 50
79 74
79 44
79 5
79 82
79 35
79 30
79 53
79 24
79 46
79 62
79 45
79 54
79 55
79 96
79 71
79 86
79 97
79 73
79 41
79 17
79 22
79 26
79 23
79 72
79 9
79 51
79 19
79 36
79 25
79 2
79 92
79 63
79 84
79 56
79 68
79 13
79 38
79 37
79 8
79 15
79 14
79 57
79 98
79 77
79 76
79 7
79 87
79 83
79 85
79 49
79 33
79 34
79 89
79 61
79 4
79 69
79 31
79 99
79 27
79 21
79 93
79 20
79 79
79 94
79 28
79 93
81 95
81 66
81 91
81 65
81 29
81 88
81 1
81 11
81 42
81 3
81 75
81 6
81 52
81 81
81 39
81 60
81 70
81 16
81 32
81 90
81 50
81 44
81 5
81 82
81 46
81 45
81 54
81 67
81 96
81 71
81 97
81 73
81 41
81 17
81 22
81 23
81 72
81 9
81 51
81 19
81 36
81 25
81 2
81 63
81 84
81 56
81 68
81 13
81 37
81 57
81 98
81 76
81 7
81 87
81 83
81 47
81 85
81 49
81 40
81 33
81 34
81 61
81 4
81 31
81 27
81 79
81 94
81 28
82 80
82 95
82 66
82 91
82 100
82 65
82 29
82 88
82 1
82 11
82 0
82 75
82 6
82 39
82 60
82 12
82 18
82 16
82 32
82 90
82 50
82 74
82 5
82 82
82 30
82 46
82 62
82 45
82 54
82 96
82 71
82 86
82 97
82 73
82 41
82 17
82 22
82 26
82 23
82 72
82 9
82 51
82 19
82 36
82 25
82 2
82 63
82 56
82 68
82 13
82 38
82 37
82 8
82 14
82 57
82 98
82 77
82 76
82 7
82 83
82 47
82 85
82 49
82 33
82 34
82 61
82 4
82 31
82 27
82 21
82 79
84 80
84 95
84 66
84 100
84 65
84 29
84 88
84 1
84 11
84 42
84 0
84 75
84 6
84 52
84 81
84 39
84 60
84 70
84 16
84 32
84 90
84 74
84 44
84 82
84 35
84 30
84 53
84 46
84 62
84 45
84 55
84 67
84 96
84 71
84 97
84 73
84 41
84 17
84 23
84 72
84 9
84 19
84 36
84 25
84 2
84 92
84 63
84 84
84 56
84 13
84 38
84 37
84 8
84 14
84 57
84 98
84 76
84 87
84 47
84 85
84 49
84 40
84 33
84 34
84 89
84 61
84 4
84 69
84 10
84 27
84 93
84 79
84 28
84 93
85 95
85 66
85 100
85 65
85 29
85 88
85 1
85 42
85 3
85 75
85 6
85 52
85 81
85 39
85 60
85 12
85 18
85 16
85 32
85 90
85 74
85 44
85 5
85 53
85 24
85 45
85 54
85 55
85 67
85 96
85 43
85 97
85 73
85 23
85 72
85 9
85 51
85 19
85 25
85 2
85 63
85 84
85 56
85 13
85 38
85 37
85 8
85 15
85 14
85 57
85 76
85 87
85 83
85 47
85 40
85 33
85 34
85 89
85 61
85 4
85 69
85 99
85 10
85 93
85 93
88 95
88 66
88 91
88 100
88 29
88 3
88 75
88 6
88 53
88 46
88 45
88 67
88 71
88 41
88 26
88 36
88 2
88 92
88 37
88 15
88 14
88 78
88 98
88 77
88 76
88 87
88 47
88 85
88 49
88 40
88 33
88 89
88 31
88 27
88 20
88 79
88 28
89 95
89 66
89 91
89 100
89 65
89 29
89 88
89 3
89 0
89 75
89 6
89 18
89 44
89 46
89 67
89 71
89 26
89 9
89 19
89 36
89 2
89 13
89 37
89 14
89 98
89 77
89 76
89 7
89 87
89 47
89 85
89 49
89 33
89 89
89 69
89 31
89 21
89 20
89 79
90 66
90 91
90 100
90 65
90 29
90 88
90 1
90 11
90 42
90 0
90 75
90 6
90 52
90 64
90 39
90 18
90 16
90 32
90 50
90 74
90 44
90 5
90 82
90 30
90 53
90 24
90 46
90 62
90 45
90 54
90 55
90 96
90 43
90 71
90 86
90 97
90 73
90 41
90 17
90 22
90 26
90 23
90 72
90 9
90 19
90 25
90 2
90 92
90 56
90 13
90 38
90 8
90 57
90 98
90 77
90 76
90 7
90 83
90 85
90 40
90 34
90 61
90 31
90 27
90 79
90 28
92 80
92 95
92 66
92 91
92 100
92 65
92 29
92 88
92 1
92 11
92 42
92 3
92 0
92 75
92 6
92 52
92 81
92 64
92 39
92 60
92 12
92 70
92 16
92 32
92 90
92 50
92 74
92 44
92 5
92 82
92 30
92 53
92 46
92 62
92 45
92 54
92 55
92 96
92 43
92 71
92 86
92 97
92 41
92 17
92 22
92 26
92 23
92 72
92 9
92 48
92 51
92 19
92 36
92 2
92 92
92 63
92 84
92 56
92 68
92 13
92 38
92 37
92 8
92 15
92 14
92 57
92 78
92 98
92 77
92 76
92 7
92 87
92 83
92 47
92 85
92 49
92 40
92 33
92 34
92 89
92 61
92 4
92 69
92 31
92 99
92 10
92 27
92 21
92 93
92 20
92 79
92 28
92 93
94 80
94 100
94 1
94 0
94 75
94 60
94 18
94 32
94 90
94 5
94 30
94 53
94 51
94 19
94 92
94 37
94 57
94 76
94 85
94 49
94 33
94 61
94 21
96 65
96 29
96 88
96 1
96 11
96 42
96 75
96 6
96 32
96 44
96 82
96 35
96 45
96 96
96 17
96 2
96 63
96 56
96 38
96 76
96 87
96 47
96 33
96 89
96 61
96 27
8 80
8 66
8 91
8 100
8 65
8 29
8 88
8 1
8 11
8 42
8 3
8 0
8 75
8 6
8 52
8 39
8 60
8 18
8 32
8 90
8 50
8 44
8 5
8 82
8 46
8 45
8 67
8 96
8 71
8 97
8 41
8 17
8 23
8 72
8 9
8 19
8 36
8 25
8 2
8 92
8 63
8 56
8 68
8 13
8 37
8 8
8 15
8 57
8 98
8 76
8 7
8 47
8 85
8 33
8 61
8 4
8 69
8 31
8 21
9 1
9 42
9 64
9 39
9 30
9 46
9 96
9 86
9 97
9 19
9 13
9 99
10 65
10 1
10 75
10 6
10 43
10 73
10 19
10 13
10 8
10 14
10 76
10 7
10 10
11 91
11 52
11 97
11 72
11 9
11 68
11 13
11 57
11 76
11 85
11 40
17 66
17 100
17 65
17 29
17 88
17 1
17 42
17 3
17 75
17 6
17 81
17 39
17 18
17 16
17 50
17 74
17 44
17 30
17 46
17 45
17 54
17 67
17 96
17 71
17 86
17 73
17 17
17 22
17 23
17 72
17 9
17 19
17 2
17 92
17 63
17 84
17 56
17 68
17 13
17 38
17 37
17 8
17 57
17 98
17 76
17 87
17 47
17 85
17 33
17 34
17 89
17 61
17 4
17 31
23 15
27 91
27 100
27 29
27 11
27 81
27 39
27 50
27 5
27 82
27 46
27 62
27 97
27 19
27 13
27 7
27 49
27 40
27 99
27 27
27 79
28 80
28 95
28 66
28 91
28 100
28 29
28 88
28 11
28 0
28 75
28 52
28 60
28 70
28 90
28 50
28 74
28 5
28 82
28 53
28 46
28 62
28 43
28 71
28 97
28 17
28 72
28 9
28 51
28 19
28 36
28 92
28 84
28 56
28 13
28 38
28 37
28 8
28 15
28 14
28 57
28 98
28 76
28 7
28 87
28 83
28 85
28 49
28 40
28 33
28 34
28 69
28 31
28 99
28 27
28 79
28 28
29 80
29 95
29 66
29 100
29 29
29 88
29 1
29 11
29 0
29 75
29 6
29 39
29 60
29 18
29 16
29 32
29 50
29 74
29 5
29 82
29 30
29 46
29 62
29 45
29 54
29 55
29 67
29 96
29 43
29 97
29 73
29 41
29 22
29 26
29 23
29 72
29 9
29 19
29 36
29 2
29 92
29 56
29 68
29 13
29 38
29 37
29 8
29 15
29 14
29 57
29 78
29 98
29 77
29 76
29 87
29 83
29 47
29 85
29 49
29 40
29 33
29 34
29 89
29 61
29 4
29 69
29 99
29 27
29 21
29 94
29 28
30 95
30 66
30 100
30 65
30 29
30 88
30 1
30 11
30 42
30 3
30 0
30 75
30 6
30 81
30 64
30 39
30 60
30 18
30 16
30 32
30 90
30 50
30 74
30 44
30 82
30 35
30 30
30 24
30 46
30 62
30 45
30 54
30 55
30 67
30 96
30 43
30 71
30 86
30 97
30 73
30 41
30 17
30 22
30 26
30 23
30 72
30 9
30 19
30 36
30 25
30 2
30 92
30 63
30 84
30 56
30 68
30 13
30 38
30 37
30 8
30 14
30 57
30 98
30 77
30 76
30 7
30 87
30 83
30 47
30 85
30 49
30 33
30 34
30 89
30 61
30 4
30 69
30 31
30 99
30 21
30 93
30 79
30 94
30 28
30 93
31 80
31 66
31 91
31 65
31 29
31 75
31 52
31 50
31 74
31 53
31 24
31 46
31 55
31 43
31 71
31 97
31 17
31 72
31 9
31 51
31 19
31 25
31 92
31 56
31 68
31 13
31 15
31 14
31 78
31 76
31 7
31 85
31 40
31 34
31 99
31 27
31 20
31 79
33 66
33 100
33 65
33 29
33 88
33 1
33 11
33 42
33 3
33 0
33 75
33 6
33 52
33 39
33 70
33 16
33 32
33 74
33 44
33 30
33 46
33 96
33 97
33 73
33 17
33 22
33 23
33 9
33 19
33 63
33 13
33 38
33 15
33 57
33 76
33 47
33 85
33 49
33 33
33 61
33 4
40 80
40 95
40 66
40 91
40 100
40 65
40 29
40 88
40 1
40 11
40 42
40 0
40 75
40 6
40 52
40 64
40 39
40 60
40 12
40 18
40 16
40 32
40 90
40 50
40 74
40 44
40 5
40 82
40 35
40 30
40 53
40 24
40 46
40 62
40 45
40 54
40 55
40 67
40 96
40 43
40 71
40 86
40 97
40 73
40 41
40 17
40 22
40 26
40 23
40 72
40 9
40 51
40 19
40 36
40 25
40 2
40 92
40 63
40 84
40 56
40 68
40 13
40 38
40 37
40 8
40 15
40 14
40 57
40 78
40 98
40 76
40 7
40 87
40 83
40 47
40 85
40 49
40 40
40 33
40 34
40 89
40 61
40 4
40 69
40 31
40 99
40 27
40 21
40 93
40 94
40 28
40 93
41 95
41 66
41 100
41 65
41 29
41 88
41 1
41 11
41 0
41 75
41 6
41 64
41 39
41 60
41 18
41 16
41 32
41 50
41 74
41 44
41 5
41 30
41 53
41 46
41 62
41 45
41 54
41 55
41 67
41 96
41 43
41 71
41 86
41 97
41 41
41 17
41 22
41 23
41 72
41 19
41 2
41 63
41 84
41 56
41 68
41 13
41 38
41 8
41 57
41 76
41 87
41 83
41 47
41 85
41 33
41 34
41 61
41 4
41 69
41 27
44 80
44 95
44 66
44 65
44 75
44 6
44 46
44 23
44 92
44 37
44 57
44 98
44 47
44 85
44 33
44 34
44 27
46 80
46 95
46 66
46 91
46 100
46 65
46 29
46 88
46 1
46 11
46 42
46 0
46 75
46 6
46 52
46 64
46 39
46 60
46 12
46 18
46 16
46 32
46 50
46 74
46 44
46 5
46 82
46 35
46 30
46 53
46 46
46 45
46 54
46 55
46 67
46 96
46 43
46 71
46 86
46 97
46 73
46 41
46 17
46 22
46 23
46 72
46 9
46 19
46 25
46 2
46 63
46 84
46 56
46 68
46 13
46 38
46 37
46 8
46 14
46 57
46 78
46 98
46 77
46 76
46 7
46 87
46 83
46 47
46 85
46 49
46 40
46 33
46 34
46 89
46 61
46 4
46 69
46 31
46 99
46 27
46 21
46 20
46 28
70 80
70 66
70 91
70 65
70 88
70 11
70 0
70 75
70 6
70 39
70 12
70 18
70 16
70 32
70 50
70 74
70 44
70 5
70 82
70 24
70 46
70 45
70 54
70 96
70 86
70 97
70 73
70 41
70 17
70 22
70 23
70 72
70 9
70 51
70 19
70 2
70 63
70 68
70 13
70 37
70 8
70 57
70 98
70 76
70 49
70 33
70 34
70 31
70 99
70 27
70 21
70 79
75 80
75 95
75 100
75 65
75 29
75 88
75 75
75 52
75 39
75 90
75 74
75 5
75 30
75 53
75 46
75 45
75 96
75 71
75 86
75 97
75 17
75 22
75 23
75 72
75 9
75 19
75 25
75 84
75 56
75 13
75 38
75 8
75 15
75 14
75 57
75 98
75 76
75 87
75 85
75 49
75 33
75 61
75 4
75 99
75 10
75 27
75 28
78 95
78 29
78 3
78 16
78 90
78 30
78 53
78 46
78 67
78 43
78 97
78 17
78 9
78 36
78 56
78 38
78 14
78 78
78 98
78 76
78 87
78 47
78 49
78 33
78 34
78 61
78 31
78 99
78 10
78 27
78 28
80 80
80 95
80 66
80 91
80 100
80 65
80 29
80 88
80 1
80 11
80 75
80 6
80 52
80 39
80 60
80 12
80 16
80 32
80 50
80 74
80 5
80 82
80 35
80 30
80 53
80 46
80 45
80 54
80 67
80 96
80 43
80 71
80 97
80 41
80 17
80 26
80 72
80 9
80 19
80 36
80 25
80 2
80 92
80 63
80 84
80 13
80 38
80 37
80 8
80 15
80 57
80 78
80 98
80 76
80 7
80 87
80 83
80 47
80 85
80 49
80 40
80 33
80 34
80 61
80 4
80 69
80 31
80 99
80 27
83 80
83 95
83 66
83 100
83 29
83 88
83 1
83 42
83 3
83 0
83 75
83 6
83 52
83 39
83 16
83 32
83 74
83 44
83 5
83 82
83 30
83 53
83 46
83 62
83 45
83 54
83 96
83 71
83 86
83 97
83 41
83 17
83 22
83 23
83 72
83 19
83 2
83 63
83 84
83 68
83 13
83 38
83 37
83 15
83 57
83 98
83 76
83 87
83 83
83 47
83 85
83 49
83 33
83 34
83 61
83 4
83 27
86 80
86 95
86 66
86 100
86 65
86 88
86 1
86 42
86 3
86 75
86 6
86 39
86 70
86 18
86 16
86 32
86 44
86 30
86 53
86 46
86 45
86 54
86 96
86 71
86 86
86 41
86 17
86 23
86 72
86 9
86 48
86 19
86 2
86 63
86 84
86 56
86 13
86 38
86 8
86 15
86 57
86 76
86 7
86 87
86 83
86 47
86 85
86 49
86 40
86 33
86 34
86 61
86 4
86 69
86 94
86 28
87 29
87 64
87 16
87 32
87 50
87 74
87 53
87 54
87 96
87 97
87 57
87 33
91 66
91 29
91 75
91 39
91 12
91 16
91 54
91 41
91 38
91 57
91 49
91 40
91 34
91 4
91 21
93 66
93 100
93 88
93 1
93 3
93 75
93 6
93 39
93 60
93 12
93 18
93 32
93 50
93 44
93 30
93 46
93 45
93 96
93 43
93 86
93 97
93 17
93 23
93 19
93 2
93 63
93 13
93 37
93 57
93 98
93 76
93 85
93 33
93 34
93 21
95 80
95 95
95 66
95 91
95 100
95 29
95 88
95 1
95 11
95 42
95 0
95 75
95 6
95 39
95 60
95 12
95 70
95 18
95 16
95 32
95 50
95 74
95 44
95 5
95 82
95 30
95 53
95 46
95 62
95 54
95 43
95 71
95 97
95 41
95 17
95 22
95 72
95 9
95 19
95 36
95 25
95 92
95 63
95 56
95 68
95 13
95 38
95 8
95 15
95 14
95 57
95 98
95 77
95 76
95 7
95 47
95 85
95 49
95 40
95 33
95 34
95 61
95 4
95 31
95 99
95 27
95 21
95 93
95 79
95 28
95 93
97 80
97 95
97 66
97 91
97 100
97 65
97 29
97 88
97 1
97 42
97 0
97 75
97 6
97 52
97 81
97 64
97 39
97 60
97 70
97 18
97 16
97 32
97 90
97 50
97 74
97 44
97 5
97 82
97 30
97 53
97 24
97 46
97 62
97 45
97 54
97 55
97 67
97 96
97 43
97 71
97 86
97 97
97 41
97 26
97 72
97 9
97 48
97 19
97 36
97 25
97 2
97 92
97 63
97 84
97 56
97 68
97 13
97 38
97 37
97 8
97 15
97 14
97 57
97 78
97 98
97 77
97 76
97 7
97 87
97 83
97 47
97 85
97 49
97 40
97 33
97 34
97 89
97 61
97 4
97 69
97 31
97 99
97 10
97 27
97 21
97 93
97 20
97 79
97 94
97 28
97 93
98 80
98 95
98 91
98 100
98 29
98 1
98 0
98 75
98 6
98 52
98 70
98 90
98 50
98 74
98 5
98 82
98 53
98 24
98 46
98 62
98 45
98 54
98 55
98 96
98 43
98 71
98 97
98 73
98 17
98 22
98 26
98 23
98 72
98 9
98 19
98 25
98 63
98 84
98 56
98 68
98 13
98 38
98 37
98 8
98 15
98 98
98 77
98 76
98 87
98 47
98 85
98 49
98 33
98 34
98 61
98 99
98 27
98 21
98 79
98 28
34 80
34 66
34 65
34 1
34 75
34 6
34 52
34 39
34 50
34 74
34 44
34 46
34 96
34 43
34 71
34 97
34 73
34 41
34 17
34 23
34 72
34 51
34 19
34 25
34 84
34 56
34 57
34 77
34 76
34 87
34 85
34 33
34 34
34 61
34 4
34 27
34 28
